Random seed: 1681147240756819149
---------------- Starting Your Algo --------------------
Configuring your custom algo strategy...
Performing turn 0 of your custom algo strategy
[[9, 4], [8, 5], [7, 6], [6, 7], [5, 8], [4, 9], [3, 10], [2, 11], [1, 12], [0, 13]]
[[13, 0], [12, 1], [11, 2], [10, 3], [9, 4], [8, 5], [7, 6], [6, 7], [5, 8], [4, 9]]
Performing turn 1 of your custom algo strategy
[[9, 4], [8, 5], [7, 6], [6, 7], [5, 8], [4, 9], [3, 10], [2, 11], [1, 12], [0, 13]]
[[13, 0], [12, 1], [11, 2], [10, 3], [9, 4], [8, 5], [7, 6], [6, 7], [5, 8], [4, 9]]
Got scored on at: [20, 6]
All locations: [[20, 6]]
Performing turn 2 of your custom algo strategy
[[9, 4], [8, 5], [7, 6], [6, 7], [5, 8], [4, 9], [3, 10], [2, 11], [1, 12], [0, 13]]
[[13, 0], [12, 1], [11, 2], [10, 3], [9, 4], [8, 5], [7, 6], [6, 7], [5, 8], [4, 9]]
Performing turn 3 of your custom algo strategy
[[9, 4], [8, 5], [7, 6], [6, 7], [5, 8], [4, 9], [3, 10], [2, 11], [1, 12], [0, 13]]
[[13, 0], [12, 1], [11, 2], [10, 3], [9, 4], [8, 5], [7, 6], [6, 7], [5, 8], [4, 9]]
Performing turn 4 of your custom algo strategy
[[9, 4], [8, 5], [7, 6], [6, 7], [5, 8], [4, 9], [3, 10], [2, 11], [1, 12], [0, 13]]
[[13, 0], [12, 1], [11, 2], [10, 3], [9, 4], [8, 5], [7, 6], [6, 7], [5, 8], [4, 9]]
Performing turn 5 of your custom algo strategy
[[9, 4], [8, 5], [7, 6], [6, 7], [5, 8], [4, 9], [3, 10], [2, 11], [1, 12], [0, 13]]
[[13, 0], [12, 1], [11, 2], [10, 3], [9, 4], [8, 5], [7, 6], [6, 7], [5, 8], [4, 9]]
Performing turn 6 of your custom algo strategy
[[9, 4], [8, 5], [7, 6], [6, 7], [5, 8], [4, 9], [3, 10], [2, 11], [1, 12], [0, 13]]
[[13, 0], [12, 1], [11, 2], [10, 3], [9, 4], [8, 5], [7, 6], [6, 7], [5, 8], [4, 9]]
Performing turn 7 of your custom algo strategy
[[9, 4], [8, 5], [7, 6], [6, 7], [5, 8], [4, 9], [3, 10], [2, 11], [1, 12], [0, 13]]
[[13, 0], [12, 1], [11, 2], [10, 3], [9, 4], [8, 5], [7, 6], [6, 7], [5, 8], [4, 9]]
Performing turn 8 of your custom algo strategy
[[9, 4], [8, 5], [7, 6], [6, 7], [5, 8], [4, 9], [3, 10], [2, 11], [1, 12], [0, 13]]
[[13, 0], [12, 1], [11, 2], [10, 3], [9, 4], [8, 5], [7, 6], [6, 7], [5, 8], [4, 9]]
Performing turn 9 of your custom algo strategy
[[9, 4], [8, 5], [7, 6], [6, 7], [5, 8], [4, 9], [3, 10], [2, 11], [1, 12], [0, 13]]
[[13, 0], [12, 1], [11, 2], [10, 3], [9, 4], [8, 5], [7, 6], [6, 7], [5, 8], [4, 9]]
Performing turn 10 of your custom algo strategy
[[9, 4], [8, 5], [7, 6], [6, 7], [5, 8], [4, 9], [3, 10], [2, 11], [1, 12], [0, 13]]
[[13, 0], [12, 1], [11, 2], [10, 3], [9, 4], [8, 5], [7, 6], [6, 7], [5, 8], [4, 9]]
Performing turn 11 of your custom algo strategy
[[9, 4], [8, 5], [7, 6], [6, 7], [5, 8], [4, 9], [3, 10], [2, 11], [1, 12], [0, 13]]
[[13, 0], [12, 1], [11, 2], [10, 3], [9, 4], [8, 5], [7, 6], [6, 7], [5, 8], [4, 9]]
Performing turn 12 of your custom algo strategy
[[9, 4], [8, 5], [7, 6], [6, 7], [5, 8], [4, 9], [3, 10], [2, 11], [1, 12], [0, 13]]
[[13, 0], [12, 1], [11, 2], [10, 3], [9, 4], [8, 5], [7, 6], [6, 7], [5, 8], [4, 9]]
Performing turn 13 of your custom algo strategy
[[9, 4], [8, 5], [7, 6], [6, 7], [5, 8], [4, 9], [3, 10], [2, 11], [1, 12], [0, 13]]
[[13, 0], [12, 1], [11, 2], [10, 3], [9, 4], [8, 5], [7, 6], [6, 7], [5, 8], [4, 9]]
Performing turn 14 of your custom algo strategy
[[9, 4], [8, 5], [7, 6], [6, 7], [5, 8], [4, 9], [3, 10], [2, 11], [1, 12], [0, 13]]
[[13, 0], [12, 1], [11, 2], [10, 3], [9, 4], [8, 5], [7, 6], [6, 7], [5, 8], [4, 9]]
Performing turn 15 of your custom algo strategy
[[9, 4], [8, 5], [7, 6], [6, 7], [5, 8], [4, 9], [3, 10], [2, 11], [1, 12], [0, 13]]
[[13, 0], [12, 1], [11, 2], [10, 3], [9, 4], [8, 5], [7, 6], [6, 7], [5, 8], [4, 9]]
Performing turn 16 of your custom algo strategy
[[9, 4], [8, 5], [7, 6], [6, 7], [5, 8], [4, 9], [3, 10], [2, 11], [1, 12], [0, 13]]
[[13, 0], [12, 1], [11, 2], [10, 3], [9, 4], [8, 5], [7, 6], [6, 7], [5, 8], [4, 9]]
Performing turn 17 of your custom algo strategy
[[9, 4], [8, 5], [7, 6], [6, 7], [5, 8], [4, 9], [3, 10], [2, 11], [1, 12], [0, 13]]
[[13, 0], [12, 1], [11, 2], [10, 3], [9, 4], [8, 5], [7, 6], [6, 7], [5, 8], [4, 9]]
Performing turn 18 of your custom algo strategy
[[9, 4], [8, 5], [7, 6], [6, 7], [5, 8], [4, 9], [3, 10], [2, 11], [1, 12], [0, 13]]
[[13, 0], [12, 1], [11, 2], [10, 3], [9, 4], [8, 5], [7, 6], [6, 7], [5, 8], [4, 9]]
Performing turn 19 of your custom algo strategy
[[9, 4], [8, 5], [7, 6], [6, 7], [5, 8], [4, 9], [3, 10], [2, 11], [1, 12], [0, 13]]
[[13, 0], [12, 1], [11, 2], [10, 3], [9, 4], [8, 5], [7, 6], [6, 7], [5, 8], [4, 9]]
Performing turn 20 of your custom algo strategy
[[9, 4], [8, 5], [7, 6], [6, 7], [5, 8], [4, 9], [3, 10], [2, 11], [1, 12], [0, 13]]
[[13, 0], [12, 1], [11, 2], [10, 3], [9, 4], [8, 5], [7, 6], [6, 7], [5, 8], [4, 9]]
Performing turn 21 of your custom algo strategy
[[9, 4], [8, 5], [7, 6], [6, 7], [5, 8], [4, 9], [3, 10], [2, 11], [1, 12], [0, 13]]
[[13, 0], [12, 1], [11, 2], [10, 3], [9, 4], [8, 5], [7, 6], [6, 7], [5, 8], [4, 9]]
Performing turn 22 of your custom algo strategy
[[9, 4], [8, 5], [7, 6], [6, 7], [5, 8], [4, 9], [3, 10], [2, 11], [1, 12], [0, 13]]
[[13, 0], [12, 1], [11, 2], [10, 3], [9, 4], [8, 5], [7, 6], [6, 7], [5, 8], [4, 9]]
Performing turn 23 of your custom algo strategy
[[9, 4], [8, 5], [7, 6], [6, 7], [5, 8], [4, 9], [3, 10], [2, 11], [1, 12], [0, 13]]
[[13, 0], [12, 1], [11, 2], [10, 3], [9, 4], [8, 5], [7, 6], [6, 7], [5, 8], [4, 9]]
Performing turn 24 of your custom algo strategy
[[9, 4], [8, 5], [7, 6], [6, 7], [5, 8], [4, 9], [3, 10], [2, 11], [1, 12], [0, 13]]
[[13, 0], [12, 1], [11, 2], [10, 3], [9, 4], [8, 5], [7, 6], [6, 7], [5, 8], [4, 9]]
Performing turn 25 of your custom algo strategy
[[9, 4], [8, 5], [7, 6], [6, 7], [5, 8], [4, 9], [3, 10], [2, 11], [1, 12], [0, 13]]
[[13, 0], [12, 1], [11, 2], [10, 3], [9, 4], [8, 5], [7, 6], [6, 7], [5, 8], [4, 9]]
Performing turn 26 of your custom algo strategy
[[9, 4], [8, 5], [7, 6], [6, 7], [5, 8], [4, 9], [3, 10], [2, 11], [1, 12], [0, 13]]
[[13, 0], [12, 1], [11, 2], [10, 3], [9, 4], [8, 5], [7, 6], [6, 7], [5, 8], [4, 9]]
Performing turn 27 of your custom algo strategy
[[9, 4], [8, 5], [7, 6], [6, 7], [5, 8], [4, 9], [3, 10], [2, 11], [1, 12], [0, 13]]
[[13, 0], [12, 1], [11, 2], [10, 3], [9, 4], [8, 5], [7, 6], [6, 7], [5, 8], [4, 9]]
Performing turn 28 of your custom algo strategy
[[9, 4], [8, 5], [7, 6], [6, 7], [5, 8], [4, 9], [3, 10], [2, 11], [1, 12], [0, 13]]
[[13, 0], [12, 1], [11, 2], [10, 3], [9, 4], [8, 5], [7, 6], [6, 7], [5, 8], [4, 9]]
Performing turn 29 of your custom algo strategy
[[9, 4], [8, 5], [7, 6], [6, 7], [5, 8], [4, 9], [3, 10], [2, 11], [1, 12], [0, 13]]
[[13, 0], [12, 1], [11, 2], [10, 3], [9, 4], [8, 5], [7, 6], [6, 7], [5, 8], [4, 9]]
Performing turn 30 of your custom algo strategy
[[9, 4], [8, 5], [7, 6], [6, 7], [5, 8], [4, 9], [3, 10], [2, 11], [1, 12], [0, 13]]
[[13, 0], [12, 1], [11, 2], [10, 3], [9, 4], [8, 5], [7, 6], [6, 7], [5, 8], [4, 9]]
Performing turn 31 of your custom algo strategy
[[9, 4], [8, 5], [7, 6], [6, 7], [5, 8], [4, 9], [3, 10], [2, 11], [1, 12], [0, 13]]
[[13, 0], [12, 1], [11, 2], [10, 3], [9, 4], [8, 5], [7, 6], [6, 7], [5, 8], [4, 9]]
Performing turn 32 of your custom algo strategy
[[9, 4], [8, 5], [7, 6], [6, 7], [5, 8], [4, 9], [3, 10], [2, 11], [1, 12], [0, 13]]
[[13, 0], [12, 1], [11, 2], [10, 3], [9, 4], [8, 5], [7, 6], [6, 7], [5, 8], [4, 9]]
Performing turn 33 of your custom algo strategy
[[9, 4], [8, 5], [7, 6], [6, 7], [5, 8], [4, 9], [3, 10], [2, 11], [1, 12], [0, 13]]
[[13, 0], [12, 1], [11, 2], [10, 3], [9, 4], [8, 5], [7, 6], [6, 7], [5, 8], [4, 9]]
Performing turn 34 of your custom algo strategy
[[9, 4], [8, 5], [7, 6], [6, 7], [5, 8], [4, 9], [3, 10], [2, 11], [1, 12], [0, 13]]
[[13, 0], [12, 1], [11, 2], [10, 3], [9, 4], [8, 5], [7, 6], [6, 7], [5, 8], [4, 9]]
Performing turn 35 of your custom algo strategy
[[9, 4], [8, 5], [7, 6], [6, 7], [5, 8], [4, 9], [3, 10], [2, 11], [1, 12], [0, 13]]
[[13, 0], [12, 1], [11, 2], [10, 3], [9, 4], [8, 5], [7, 6], [6, 7], [5, 8], [4, 9]]
Got scored on at: [26, 12]
All locations: [[20, 6], [26, 12]]
Performing turn 36 of your custom algo strategy
[[9, 4], [8, 5], [7, 6], [6, 7], [5, 8], [4, 9], [3, 10], [2, 11], [1, 12], [0, 13]]
[[13, 0], [12, 1], [11, 2], [10, 3], [9, 4], [8, 5], [7, 6], [6, 7], [5, 8], [4, 9]]
Performing turn 37 of your custom algo strategy
[[9, 4], [8, 5], [7, 6], [6, 7], [5, 8], [4, 9], [3, 10], [2, 11], [1, 12], [0, 13]]
[[13, 0], [12, 1], [11, 2], [10, 3], [9, 4], [8, 5], [7, 6], [6, 7], [5, 8], [4, 9]]
Performing turn 38 of your custom algo strategy
[[9, 4], [8, 5], [7, 6], [6, 7], [5, 8], [4, 9], [3, 10], [2, 11], [1, 12], [0, 13]]
[[13, 0], [12, 1], [11, 2], [10, 3], [9, 4], [8, 5], [7, 6], [6, 7], [5, 8], [4, 9]]
Performing turn 39 of your custom algo strategy
[[9, 4], [8, 5], [7, 6], [6, 7], [5, 8], [4, 9], [3, 10], [2, 11], [1, 12], [0, 13]]
[[13, 0], [12, 1], [11, 2], [10, 3], [9, 4], [8, 5], [7, 6], [6, 7], [5, 8], [4, 9]]
Performing turn 40 of your custom algo strategy
[[9, 4], [8, 5], [7, 6], [6, 7], [5, 8], [4, 9], [3, 10], [2, 11], [1, 12], [0, 13]]
[[13, 0], [12, 1], [11, 2], [10, 3], [9, 4], [8, 5], [7, 6], [6, 7], [5, 8], [4, 9]]
Got scored on at: [20, 6]
All locations: [[20, 6], [26, 12], [20, 6]]
Performing turn 41 of your custom algo strategy
[[9, 4], [8, 5], [7, 6], [6, 7], [5, 8], [4, 9], [3, 10], [2, 11], [1, 12], [0, 13]]
[[13, 0], [12, 1], [11, 2], [10, 3], [9, 4], [8, 5], [7, 6], [6, 7], [5, 8], [4, 9]]
Performing turn 42 of your custom algo strategy
[[9, 4], [8, 5], [7, 6], [6, 7], [5, 8], [4, 9], [3, 10], [2, 11], [1, 12], [0, 13]]
[[13, 0], [12, 1], [11, 2], [10, 3], [9, 4], [8, 5], [7, 6], [6, 7], [5, 8], [4, 9]]
Got scored on at: [20, 6]
All locations: [[20, 6], [26, 12], [20, 6], [20, 6]]
Got scored on at: [20, 6]
All locations: [[20, 6], [26, 12], [20, 6], [20, 6], [20, 6]]
Performing turn 43 of your custom algo strategy
[[9, 4], [8, 5], [7, 6], [6, 7], [5, 8], [4, 9], [3, 10], [2, 11], [1, 12], [0, 13]]
[[13, 0], [12, 1], [11, 2], [10, 3], [9, 4], [8, 5], [7, 6], [6, 7], [5, 8], [4, 9]]
Performing turn 44 of your custom algo strategy
[[9, 4], [8, 5], [7, 6], [6, 7], [5, 8], [4, 9], [3, 10], [2, 11], [1, 12], [0, 13]]
[[13, 0], [12, 1], [11, 2], [10, 3], [9, 4], [8, 5], [7, 6], [6, 7], [5, 8], [4, 9]]
Performing turn 45 of your custom algo strategy
[[9, 4], [8, 5], [7, 6], [6, 7], [5, 8], [4, 9], [3, 10], [2, 11], [1, 12], [0, 13]]
[[13, 0], [12, 1], [11, 2], [10, 3], [9, 4], [8, 5], [7, 6], [6, 7], [5, 8], [4, 9]]
Got scored on at: [25, 11]
All locations: [[20, 6], [26, 12], [20, 6], [20, 6], [20, 6], [25, 11]]
Performing turn 46 of your custom algo strategy
[[9, 4], [8, 5], [7, 6], [6, 7], [5, 8], [4, 9], [3, 10], [2, 11], [1, 12], [0, 13]]
[[13, 0], [12, 1], [11, 2], [10, 3], [9, 4], [8, 5], [7, 6], [6, 7], [5, 8], [4, 9]]
Got scored on at: [20, 6]
All locations: [[20, 6], [26, 12], [20, 6], [20, 6], [20, 6], [25, 11], [20, 6]]
Performing turn 47 of your custom algo strategy
[[9, 4], [8, 5], [7, 6], [6, 7], [5, 8], [4, 9], [3, 10], [2, 11], [1, 12], [0, 13]]
[[13, 0], [12, 1], [11, 2], [10, 3], [9, 4], [8, 5], [7, 6], [6, 7], [5, 8], [4, 9]]
Got scored on at: [25, 11]
All locations: [[20, 6], [26, 12], [20, 6], [20, 6], [20, 6], [25, 11], [20, 6], [25, 11]]
Got scored on at: [25, 11]
All locations: [[20, 6], [26, 12], [20, 6], [20, 6], [20, 6], [25, 11], [20, 6], [25, 11], [25, 11]]
Got scored on at: [25, 11]
All locations: [[20, 6], [26, 12], [20, 6], [20, 6], [20, 6], [25, 11], [20, 6], [25, 11], [25, 11], [25, 11]]
Performing turn 48 of your custom algo strategy
[[9, 4], [8, 5], [7, 6], [6, 7], [5, 8], [4, 9], [3, 10], [2, 11], [1, 12], [0, 13]]
[[13, 0], [12, 1], [11, 2], [10, 3], [9, 4], [8, 5], [7, 6], [6, 7], [5, 8], [4, 9]]
Got scored on at: [20, 6]
All locations: [[20, 6], [26, 12], [20, 6], [20, 6], [20, 6], [25, 11], [20, 6], [25, 11], [25, 11], [25, 11], [20, 6]]
Got scored on at: [20, 6]
All locations: [[20, 6], [26, 12], [20, 6], [20, 6], [20, 6], [25, 11], [20, 6], [25, 11], [25, 11], [25, 11], [20, 6], [20, 6]]
Performing turn 49 of your custom algo strategy
[[9, 4], [8, 5], [7, 6], [6, 7], [5, 8], [4, 9], [3, 10], [2, 11], [1, 12], [0, 13]]
[[13, 0], [12, 1], [11, 2], [10, 3], [9, 4], [8, 5], [7, 6], [6, 7], [5, 8], [4, 9]]
Traceback (most recent call last):
  File "/Users/denniszhong/Desktop/CodingTime/Terminal/C1GamesStarterKit-master/manalgo/algo_strategy.py", line 476, in <module>
    algo.start()
  File "/Users/denniszhong/Desktop/CodingTime/Terminal/C1GamesStarterKit-master/manalgo/gamelib/algocore.py", line 59, in start
    game_state_string = get_command()
  File "/Users/denniszhong/Desktop/CodingTime/Terminal/C1GamesStarterKit-master/manalgo/gamelib/util.py", line 12, in get_command
    ret = sys.stdin.readline()
KeyboardInterrupt
